0 10
1 18
2 69
3 65
4 33
5 47
6 50
7 53
8 38
9 79
10 46
11 11
12 14
13 36
14 44
15 26
16 3
17 4
18 90
19 97
20 1
21 48
22 37
23 73
24 30
25 8
26 88
27 23
28 42
29 27
30 98
31 45
32 59
33 70
34 20
35 51
36 99
37 100
38 62
39 75
40 86
41 24
42 92
43 5
44 43
45 80
46 77
47 61
48 21
49 60
50 83
51 28
52 2
53 63
54 74
55 78
56 87
57 6
58 91
59 85
60 64
61 89
62 52
63 19
64 72
65 93
66 35
67 55
68 57
69 16
70 67
71 12
72 13
73 71
74 34
75 25
76 49
77 96
78 31
79 94
80 40
81 29
82 41
83 17
84 32
85 82
86 56
87 95
88 9
89 76
90 68
91 58
92 22
93 84
94 81
95 7
96 54
97 15
98 66
99 39
100 101
